80 	 50 	 4000 	 0.017524 
80 	 60 	 4800 	 0.015600 
80 	 70 	 5600 	 0.014250 
200 	 100 	 20000 	 0.001868 
200 	 100 	 20000 	 0.001868 
200 	 100 	 20000 	 0.673487 
200 	 100 	 20000 	 0.015836 
200 	 100 	 20000 	 0.001868 
200 	 100 	 20000 	 0.001868 
200 	 100 	 20000 	 0.015836 
200 	 100 	 20000 	 0.001868 
200 	 100 	 20000 	 0.750000 
200 	 100 	 20000 	 0.750000 
200 	 100 	 20000 	 0.015836 
200 	 100 	 20000 	 0.015836 
200 	 100 	 20000 	 0.015836 
200 	 100 	 20000 	 0.015836 
200 	 100 	 20000 	 0.015836 
200 	 100 	 20000 	 0.015836 
200 	 100 	 20000 	 0.015836 
200 	 100 	 20000 	 0.015836 
200 	 100 	 20000 	 0.015836 
200 	 100 	 20000 	 0.015836 
200 	 100 	 20000 	 0.015836 
200 	 100 	 20000 	 0.015836 
200 	 100 	 20000 	 0.015836 
200 	 100 	 20000 	 nan 
200 	 100 	 20000 	 nan 
200 	 100 	 20000 	 nan 
200 	 100 	 20000 	 nan 
200 	 100 	 20000 	 nan 
200 	 100 	 20000 	 nan 
200 	 100 	 20000 	 nan 
200 	 100 	 20000 	 nan 
200 	 100 	 20000 	 nan 
200 	 100 	 20000 	 nan 
200 	 100 	 20000 	 nan 
200 	 100 	 20000 	 nan 
200 	 100 	 20000 	 0.015836 
200 	 100 	 20000 	 0.015836 
200 	 100 	 20000 	 0.015836 
200 	 100 	 20000 	 0.015836 
200 	 100 	 20000 	 0.015836 
200 	 100 	 20000 	 0.015836 
200 	 100 	 20000 	 0.015836 
200 	 100 	 20000 	 0.015836 
200 	 100 	 20000 	 0.015836 
200 	 100 	 20000 	 0.015836 
200 	 100 	 20000 	 0.015836 
200 	 100 	 20000 	 0.015836 
200 	 100 	 20000 	 0.015836 
200 	 100 	 20000 	 0.015836 
200 	 100 	 20000 	 0.015836 
200 	 100 	 20000 	 0.015836 
200 	 100 	 20000 	 0.015836 
200 	 100 	 20000 	 0.015836 
200 	 100 	 20000 	 0.015836 
200 	 100 	 20000 	 0.015836 
200 	 100 	 20000 	 0.015836 
200 	 100 	 20000 	 0.015836 
200 	 100 	 20000 	 0.015836 
200 	 100 	 20000 	 0.015836 
200 	 100 	 20000 	 0.015836 
200 	 100 	 20000 	 0.015836 
200 	 100 	 20000 	 0.015836 
200 	 100 	 20000 	 0.015836 
200 	 100 	 20000 	 0.015836 
200 	 100 	 20000 	 0.015836 
200 	 100 	 20000 	 0.015836 
20 	 10 	 200 	 1.257314 
20 	 10 	 200 	 1.257314 
20 	 10 	 200 	 1.257314 
20 	 10 	 200 	 1.257314 
20 	 10 	 200 	 1.257314 
20 	 10 	 200 	 1.257314 
20 	 10 	 200 	 1.257314 
20 	 10 	 200 	 1.257314 
20 	 10 	 200 	 1.257314 
20 	 10 	 200 	 1.257314 
21 	 11 	 231 	 1.214593 
200 	 100 	 20000 	 0.015836 
200 	 100 	 20000 	 0.001868 
200 	 100 	 20000 	 0.015836 
200 	 100 	 20000 	 0.015836 
