0.950000 	 79.597410 
0.960000 	 93.615781 
0.970000 	 96.656584 
0.980000 	 78.033525 
0.990000 	 92.438153 
1.000000 	 63.867588 
1.010000 	 74.146109 
1.020000 	 97.456391 
1.030000 	 98.474685 
1.040000 	 103.050141 
1.000000 	 52.033571 
1.000000 	 72.058859 
1.000000 	 95.188169 
1.000000 	 50.436780 
1.000000 	 0.133662 
1.000000 	 0.251719 
1.000000 	 0.134423 
1.000000 	 0.110624 
1.000000 	 0.097456 
1.000000 	 0.076389 
1.000000 	 0.075483 
1.000000 	 0.078446 
1.000000 	 0.076490 
1.000000 	 0.076321 
1.000000 	 0.225615 
1.000000 	 57.240931 
1.000000 	 85.056932 
1.000000 	 99.408321 
1.000000 	 85.332467 
